https://dice-database.org/download/B_CELL_NAIVE_TPM.csv	ENSG00000150782.11,2628,IL18;protein_coding,4.26649446741,3.51323747446,3.45057130445,3.44884037811,3.32597673449,3.2499160667,3.04665254523,3.0194840441900004,2.98658078802,2.89116044399,2.8044510910100002,2.7994158034599996,2.79652510148,2.7560543256200005,2.72507611241,2.71306853732,2.65940008183,2.6440688540400004,2.5605913245900003,2.51326146668,2.2567538716,2.22758414927,2.18380741823,2.12259171528,2.1159177678,2.11558384805,2.0985977733900003,2.06179839235,2.05921465305,2.05401375606,2.02781984682,2.0159475445400004,2.01082872496,1.97992986278,1.9499299218900001,1.9072599797,1.8801536104299998,1.87856605521,1.81220292378,1.80393487053,1.7748516544,1.7560895750599999,1.7322924976599998,1.7315209833200003,1.7100279148100002,1.67747861782,1.67442493821,1.66817682322,1.59386865354,1.58991468815,1.5889269526700003,1.5738520334600001,1.5517199395200003,1.5453147028799998,1.52796909658,1.50666037282,1.4605725827200002,1.3996941595899999,1.3471230102,1.260351487,1.24753392345,1.24580530503,1.22573072183,1.21541601487,1.16321417465,1.09304623935,1.0890463515200002,1.08144802296,0.9951549045110001,0.981463425642,0.9141822161750001,0.8752622475059999,0.873129447157,0.868639690767,0.862189952489,0.842965076841,0.713676880724,0.7128627092450001,0.638951783372,0.624281109587,0.609341108536,0.544617061082,0.538231645128,0.447059497794,0.432450969592,0.364431086917,0.25408055413,0.23254630125999998,0.218291528083,0.132465893669,0.11248485232000001
https://dice-database.org/download/CD4_NAIVE_TPM.csv	ENSG00000150782.11,2628,IL18;protein_coding,1.2007361203,1.12048088155,1.06312273345,1.04811135211,0.9801184429909999,0.8457690751870001,0.839630296224,0.80212268647,0.801501155248,0.7236863069380001,0.673981157534,0.666329163809,0.651284297278,0.6241692189010001,0.620618347055,0.596966842207,0.573148325925,0.569407071405,0.569240453264,0.558613689221,0.549675625583,0.543134908751,0.524877514802,0.522077065973,0.513690494226,0.5096219788440001,0.5083227572779999,0.5042130879119999,0.491137612241,0.472778749657,0.46487157947700003,0.463357391492,0.461087829895,0.46101933943000006,0.453481337803,0.45189112074500004,0.44859710384199997,0.446931448383,0.443500552804,0.438382562843,0.43167546972599996,0.42110541035599997,0.41389937593099996,0.360632456033,0.341008447095,0.340216834807,0.33907690425,0.331434567588,0.329029212073,0.32851251902399997,0.325087859648,0.32159303638500003,0.31944060120400003,0.31325364429,0.310736608773,0.309416452342,0.289088754436,0.25783466778,0.254285957672,0.240843014339,0.23485313777300001,0.22783209908799998,0.22363420957400001,0.21961143821100002,0.21868707121999997,0.212528128532,0.20818168791799999,0.198434395864,0.198079289593,0.171769504242,0.16789234194000002,0.118062446752,0.116895645074,0.11671886189899999,0.11404400972100001,0.11200208132200001,0.111607223197,0.109589134557,0.10736863648700001,0.10402444707399999,0.100298485092,0.09816154193479999,0.0962773170651,0.0876427961591,0.0,0.0,0.0,0.0
https://dice-database.org/download/CD4_STIM_TPM.csv	ENSG00000150782.11,2628,IL18;protein_coding,0.75602559688,0.531479536707,0.44124803083499997,0.435617629545,0.431399772728,0.35702932103,0.35635412806999994,0.34854690654799997,0.336767689899,0.32527308027699997,0.256801093626,0.252440569158,0.248793181877,0.24065622448,0.240054876948,0.239383480272,0.23544642974399999,0.22749400463599997,0.206913795205,0.203038553343,0.202810409519,0.19356906885000003,0.19288195693100002,0.19150321617199997,0.180029919076,0.163080020135,0.161366970309,0.159394186021,0.156855972916,0.15170792124000002,0.146817397306,0.143584360307,0.14037922346599999,0.138744922303,0.138498301376,0.131962891586,0.129239685658,0.128289899875,0.120814291323,0.106665777978,0.10642797768899999,0.103724347322,0.102794640244,0.100547945672,0.0993750974013,0.09593295475369999,0.09550264476199999,0.094320042435,0.08497822597110001,0.0807720307115,0.0805851369486,0.0798896761997,0.07894834656510001,0.07761024768830001,0.0746251184368,0.06981509467119999,0.0689085741125,0.0655066761124,0.0497452987946,0.0473062033776,0.0,0.0,0.0,0.0,0.0,0.0,0.0,0.0,0.0,0.0,0.0,0.0,0.0,0.0,0.0,0.0,0.0,0.0,0.0,0.0,0.0,0.0,0.0,0.0,0.0,0.0,0.0,0.0
https://dice-database.org/download/CD8_NAIVE_TPM.csv	ENSG00000150782.11,2628,IL18;protein_coding,0.875896592544,0.865754922844,0.8554681502399999,0.770439554577,0.7384405702,0.707173097983,0.696246451222,0.663796702844,0.663189397068,0.6503017918680001,0.641495810386,0.635866379494,0.632026479275,0.614610422013,0.580095956044,0.569079506332,0.527883481879,0.510379690757,0.502176274132,0.501060128758,0.49277898783600005,0.49145730186399994,0.472488033776,0.458978133468,0.45181508993999997,0.445143644723,0.443030454247,0.439884196673,0.43461750751500006,0.43067256456999997,0.42932964865900003,0.41926515922700003,0.39265677275399996,0.389191474969,0.388719384419,0.388636400048,0.38560316313500004,0.38457582391199996,0.38241447727600003,0.35736544960100003,0.35466850029799996,0.340980970839,0.327718670474,0.31823263164,0.312251689271,0.301130359084,0.298511746543,0.290232683103,0.28460362944400003,0.275319901192,0.266067682403,0.260844828736,0.249671685501,0.244470822428,0.239817747095,0.228312402483,0.223940714102,0.220470877813,0.219667784356,0.206297697157,0.203322487028,0.202123121688,0.19616854574499998,0.192164299923,0.190704524353,0.187412579954,0.18604021743299998,0.154903285494,0.119844947723,0.11886472988600001,0.115383944481,0.11316212695,0.112079280428,0.10595843478900001,0.104383533073,0.09585130618110001,0.09569578954019999,0.09085707592530001,0.08397220537999998,0.0795856728737,0.0,0.0,0.0,0.0,0.0,0.0,0.0,0.0,0.0
https://dice-database.org/download/CD8_STIM_TPM.csv	ENSG00000150782.11,2628,IL18;protein_coding,0.40511613183399997,0.396523269925,0.374925663842,0.347082617096,0.332059423435,0.287631285276,0.286312439736,0.28243309286699997,0.265232816229,0.234682157197,0.226777588505,0.22665851995499997,0.222007683298,0.21383540368099999,0.21191493482299997,0.20938730000300002,0.20688110443799998,0.203027410298,0.20129658111999998,0.197234853343,0.196315835209,0.194050803411,0.192174656571,0.19031567602000002,0.189874262644,0.189226863717,0.189096861488,0.188025216209,0.18699967581399998,0.181737837992,0.180981598774,0.17969240394900002,0.177444895955,0.149224613044,0.139410069216,0.113055361854,0.111065978716,0.108312473168,0.107849316063,0.10396375152000001,0.10154207723,0.10076498228900001,0.0991799791608,0.0966414800078,0.094398122468,0.0940584298226,0.0940426650215,0.09356046175460002,0.0930455475117,0.0909816258442,0.08749330041680001,0.08136275852830001,0.0799447805434,0.0794076141655,0.0688739348894,0.0590566059291,0.0,0.0,0.0,0.0,0.0,0.0,0.0,0.0,0.0,0.0,0.0,0.0,0.0,0.0,0.0,0.0,0.0,0.0,0.0,0.0,0.0,0.0,0.0,0.0,0.0,0.0,0.0,0.0,0.0,0.0,0.0,0.0
https://dice-database.org/download/M2_TPM.csv	ENSG00000150782.11,2628,IL18;protein_coding,22.870236304099997,21.9783011586,20.2918590269,19.2490565376,19.1036386054,18.6615218853,18.6530662429,18.141398738,17.4466098139,17.3100592154,17.1804206823,16.8695003142,16.7991589076,16.7255551963,16.5007853514,16.4332938885,16.3483641491,16.0465647485,16.0069019968,16.0052882575,15.6989702242,15.6958630988,15.682703908299999,15.579874068599999,15.1251871881,15.0863540172,15.0206679277,15.0121441248,14.854748060999999,14.834923506500001,14.387143314100001,14.367992381099999,14.3344807671,14.2930904891,14.005495655799999,13.8441477971,13.8161495357,13.7799225776,13.7555685757,13.653662083699999,13.6296112765,13.6255602622,13.5056685584,13.4146404447,13.3816717757,13.3439199274,13.290556495799999,13.283913393399999,13.2585615617,13.1814747577,13.1339309927,13.0565323961,13.0548387977,13.001837688699998,13.001347378499998,12.972371120999998,12.962885738499999,12.8677375845,12.8496198053,12.8159359876,12.689912074,12.5814499625,12.5489001819,12.5392914719,12.496917734,12.4489917057,12.3811804403,12.257100338499999,12.1596328558,12.0517587393,11.9565467825,11.9029415926,11.678341146800001,11.6339667598,11.5803578877,11.510382738399999,11.4677839804,11.2886252381,11.1150304736,10.5509187672,10.3430761383,10.1276068806,10.0455711314,9.99897792777,9.86105713364,9.21564211342,9.0789236026,8.93715492829,8.75913632559,7.703695631869999
https://dice-database.org/download/MONOCYTES_TPM.csv	ENSG00000150782.11,2628,IL18;protein_coding,44.674773953599995,43.7764591858,43.664251943800004,39.4702679134,38.362210476,37.8442440054,37.669443257,37.540348002399995,37.5247288218,37.3139150342,37.1630507578,37.0864436887,36.7865816129,36.51221343,36.2132970172,35.6178556489,35.475068074,35.243468688200004,35.202550105300006,35.108045313299996,34.8542203591,34.8296886544,34.5943468289,34.2491893654,34.1884363665,33.2135055105,33.0558723359,32.8140314889,32.3368945002,31.572913826700002,31.4854081897,31.1117786375,30.984854240900003,30.976937898499997,30.9335055145,30.9283139697,30.7850615746,30.6478944975,30.6087070488,30.4569884131,30.3825863148,30.321625895,30.0805454157,30.0564476872,29.8012726037,29.6958517317,29.5223059247,29.237347114299997,28.895885943099998,28.803942079499997,28.803415617800002,28.7651206438,28.390528813099998,28.3818037357,28.3328484628,28.3004640521,27.9964213919,27.8372069749,27.376514230500003,27.3719611578,27.14408495,27.1088722611,26.8854737327,26.7288432898,26.4944273428,26.367662383699997,26.300428893000003,26.1608861427,26.0962921942,26.086166569499998,25.7985084761,25.6861105048,25.445837179699996,25.257333343800003,25.0199973407,24.7552356284,24.7537780935,24.7507051238,24.7213767185,24.7088299023,24.5918235575,24.041948260399998,23.808021064200002,23.0077783699,22.4417580142,22.4402055251,22.4152088809,21.9196853511,21.399944808,20.6343189945,19.5361667954
https://dice-database.org/download/NK_TPM.csv	ENSG00000150782.11,2628,IL18;protein_coding,45.8051886353,41.4319933396,37.0809599254,36.7373697346,34.7774920431,31.480289975199998,26.505750235500003,25.4456880723,24.2907182389,23.7080591095,23.4967806788,20.662686070899998,19.9968483865,19.6343602928,19.4664491545,18.9676447016,18.7134936263,18.1687730727,18.1626846512,17.8872913019,17.697285198699998,17.5712772824,17.4204637025,17.265974946300002,17.2113299633,16.7177893257,16.6324345413,16.4676613657,16.15433898,15.968501339500001,15.9678615631,15.7491862604,15.738631333599999,15.6716442476,15.296472677799999,15.2915291809,15.1369300197,14.869881911199998,14.7408644277,14.6812890433,14.4900524427,14.3281890464,14.296840694,14.1505396108,14.145533649,13.6576968699,12.9494253601,12.8653456683,12.8404609177,12.7166447876,12.6417061016,12.566034752,12.4537058542,11.573795515699999,11.1620622435,11.129398954900001,10.754845958099999,10.7233969492,10.696244439500001,10.1814850316,10.1406425417,10.0775301192,9.55679269781,9.260849612989999,9.15506344288,9.10094100745,8.89588054026,8.37898582734,8.28814385313,8.0449356265,7.97700288459,7.7608228850300005,7.727491125510001,7.63435108773,7.54772440791,7.22626737848,6.88867072848,6.828343021919999,6.6565498249,6.55177238386,6.495106667509999,6.49438492526,5.4445865694,4.95805126838,4.35753208888,4.29586853004,3.6825250358,3.6399047079800004,3.5712936972099993,3.155708502
https://dice-database.org/download/TFH_TPM.csv	ENSG00000150782.11,2628,IL18;protein_coding,2.39178548374,1.7971135942200003,1.00490501477,0.991290657105,0.96185830095,0.876800138734,0.854847947482,0.766971825242,0.732184147297,0.7300536798039999,0.7264201160799999,0.713249025479,0.6808007378190001,0.6582602314989999,0.654578415693,0.640119783583,0.584847128534,0.577307613483,0.563821543667,0.5524486215550001,0.551029370831,0.541204194315,0.540670675818,0.5105361705879999,0.50559344484,0.493143308453,0.487656393775,0.486994586898,0.481047386452,0.480293431707,0.47239923961400004,0.461271023835,0.460484484344,0.455895246351,0.446912429042,0.43864246241000004,0.370568837966,0.36242200475,0.354523759063,0.333538729435,0.331514545398,0.320483638461,0.293718242411,0.277598110402,0.26806964668,0.260656668584,0.25429817155400003,0.250984321337,0.23207590974800002,0.22423270387699998,0.22099092817,0.213612751418,0.19814341796,0.195884863083,0.18576760609999998,0.17652410933899998,0.173320253477,0.17199711185,0.135570306048,0.128336992512,0.126476080644,0.124776012491,0.12078506204600001,0.117082574743,0.114894893186,0.114168944759,0.11310043064099999,0.11306172875,0.11058841104499999,0.101004847217,0.09970094729399999,0.09722667074380001,0.09603988407320001,0.09356716700439999,0.09016429253810002,0.0893469223636,0.0846704890821,0.0,0.0,0.0,0.0,0.0,0.0,0.0,0.0,0.0,0.0,0.0,0.0
https://dice-database.org/download/TH17_TPM.csv	ENSG00000150782.11,2628,IL18;protein_coding,0.726273661657,0.632801974381,0.630145945488,0.629781327392,0.535741109715,0.505997669973,0.42322420252400006,0.423122795414,0.421971517971,0.411064091274,0.411015152268,0.41096817317,0.407223822872,0.40381279731299996,0.400785724287,0.390241758299,0.372065348008,0.358039576493,0.325016355625,0.322174461925,0.316636541202,0.287805045392,0.28319565414299996,0.281881233761,0.274265250979,0.263999029394,0.25806400949499997,0.254348580085,0.239127347274,0.211377733773,0.20890193813900002,0.206380346713,0.20578020157699997,0.200477881822,0.197824256556,0.196679433176,0.19556413146600002,0.194531829743,0.192711457621,0.192490972849,0.176736417495,0.175264807184,0.11467082899,0.108595667779,0.107912495023,0.10636066659,0.105470174845,0.104127799055,0.104069047008,0.103688376524,0.101778014572,0.100784449781,0.0997000044925,0.0988486009949,0.09828746573349999,0.09820607297360001,0.0976237534749,0.09597573742789998,0.09463006971169999,0.0937513332284,0.0929450624132,0.09151748475770001,0.09096617006860001,0.0906719748233,0.09014426088289998,0.0864594570692,0.0857477820861,0.08544392653289999,0.0836482091989,0.0833316627256,0.0,0.0,0.0,0.0,0.0,0.0,0.0,0.0,0.0,0.0,0.0,0.0,0.0,0.0,0.0,0.0,0.0,0.0,0.0
https://dice-database.org/download/TH1_TPM.csv	ENSG00000150782.11,2628,IL18;protein_coding,0.676798419968,0.556348305483,0.49512889487499995,0.455423367823,0.445619613238,0.443475442051,0.43066832920299997,0.384780981128,0.38246782220299996,0.36814255104800003,0.345441116993,0.33634179738799996,0.335320318912,0.326283098948,0.3233255197,0.322906883388,0.30758600033399996,0.299289478878,0.29435381290199997,0.27659942798099996,0.27291300753000003,0.270120481944,0.259191484803,0.24811024654199998,0.23150132605,0.22956336823000004,0.228202620489,0.226230894637,0.21063855125,0.20959493102,0.20811456754000002,0.20427075426,0.202353622424,0.198093318096,0.194368711858,0.18409406694299998,0.18396097678399997,0.183656024012,0.18307233527,0.181145239362,0.163765081247,0.161039452218,0.15722753706700002,0.155513005037,0.153585840669,0.12488935322999999,0.121044747453,0.12044909783800001,0.112733268621,0.111794047437,0.111782050572,0.11152425701999999,0.110078367623,0.106864499407,0.106347560981,0.105727803635,0.104619136522,0.104188635274,0.104123536854,0.1036311226,0.0990746166349,0.09871375552850001,0.09528060639949999,0.0950605688168,0.09327575384199999,0.0894495527375,0.084729766481,0.0796815235027,0.0,0.0,0.0,0.0,0.0,0.0,0.0,0.0,0.0,0.0,0.0,0.0,0.0
https://dice-database.org/download/TH2_TPM.csv	ENSG00000150782.11,2628,IL18;protein_coding,0.8880246527860001,0.845715513551,0.819129776693,0.704972710926,0.567046298448,0.565132337067,0.52558069725,0.522821299164,0.50487051641,0.475061451786,0.429560340287,0.417656137248,0.410786471791,0.375836818895,0.355758178699,0.351174752513,0.347317092214,0.33955630135799997,0.33706513976999997,0.32692335030499997,0.325241036808,0.324428797449,0.321209476636,0.307929222246,0.300932223138,0.29942316550299997,0.288647132722,0.263532884655,0.248412773059,0.24780072801800002,0.24680724375,0.24282067753400002,0.241046821543,0.23835864558699998,0.237542454225,0.23661154250900002,0.23460569679200002,0.23443373152600003,0.234407345073,0.231323455405,0.22268811471500002,0.219008022085,0.210302535878,0.20990527167,0.209585119252,0.20390843038800002,0.202563099896,0.192041772218,0.191467758082,0.18547851637600002,0.182276983937,0.177145236952,0.165631484406,0.16360427973799999,0.153748355724,0.137461072047,0.130922337974,0.123707611757,0.12304561224400001,0.119804101198,0.118780334843,0.1170077808,0.11578667869999999,0.115773136585,0.11541925197899999,0.11079180373400001,0.110101687956,0.108755952988,0.105968374722,0.102838453643,0.100273411239,0.100082165491,0.100017199561,0.0951214242279,0.09377389159050001,0.0925644302588,0.0798707964452,0.054146962559099995,0.0379369647281,0.0,0.0,0.0,0.0,0.0,0.0,0.0,0.0,0.0,0.0
https://dice-database.org/download/THSTAR_TPM.csv	ENSG00000150782.11,2628,IL18;protein_coding,0.7675788711339999,0.7401643663580001,0.594228063316,0.592027891378,0.520705787413,0.488759318552,0.48035690742,0.453106257549,0.410616821825,0.40719291153399995,0.405905464807,0.375288223991,0.37486247854099997,0.37401349590899996,0.370308984023,0.368400494861,0.35164728077299995,0.34920135324900003,0.347528135682,0.346372603504,0.334610128929,0.334575254639,0.319247375935,0.313959291326,0.312025911201,0.30186406118500003,0.295467113913,0.286117202749,0.256343426915,0.238923458462,0.228739924102,0.222187359176,0.222042961083,0.22098547041900002,0.21880081676899998,0.216054023096,0.21267211786899998,0.20962793474599997,0.20650222543400001,0.202812021832,0.19996848475900003,0.193640804237,0.19112807322099998,0.186785567973,0.180070393201,0.15993595376800002,0.152988507884,0.146264055943,0.132665335118,0.12855756699,0.12340271647600001,0.122536752433,0.12083511663799999,0.11512133793500001,0.114968497445,0.113263445625,0.112771420656,0.110991738356,0.110987905618,0.109262262044,0.108824131455,0.10777734034900001,0.10679707829500001,0.10645151501599999,0.10499375979299999,0.103354842654,0.103004573893,0.102079081512,0.0986647787582,0.0985330846269,0.0984335010784,0.09717314152069999,0.0,0.0,0.0,0.0,0.0,0.0,0.0,0.0,0.0,0.0,0.0,0.0,0.0,0.0,0.0,0.0
https://dice-database.org/download/TREG_MEM_TPM.csv	ENSG00000150782.11,2628,IL18;protein_coding,1.30049515167,1.21663426764,0.981089769348,0.8198696007809999,0.817037730529,0.636015494735,0.585889732045,0.579557771628,0.570236487082,0.564988671548,0.555741190811,0.528058192424,0.505720619055,0.497485020935,0.493078992325,0.449701150471,0.443316300757,0.43180307141400004,0.43067364810000003,0.426210083941,0.41733789912299996,0.396291313045,0.37883451120399997,0.378390887661,0.356765211199,0.354006477262,0.35234659465499996,0.349794859076,0.345430511247,0.34335688928499997,0.340963445033,0.336711016405,0.32667321481,0.323470147235,0.32130340539,0.318660894364,0.284073858579,0.277885149569,0.270122585948,0.25162539746999996,0.24253000519600001,0.239065453485,0.223262316958,0.222394597707,0.220930176299,0.218018788563,0.217471850271,0.21179072685400002,0.211678005951,0.20771734687600002,0.20226147344599998,0.189790161043,0.183208910899,0.166632349472,0.121021122766,0.120542284638,0.12014302996,0.11994410037999999,0.119789217206,0.116218055845,0.114312903972,0.11328002925000001,0.112566611619,0.112340228113,0.110962732591,0.109679125329,0.109378289649,0.109060580391,0.10729494055,0.10523797036900001,0.0994376299958,0.0841218137289,0.0,0.0,0.0,0.0,0.0,0.0,0.0,0.0,0.0,0.0,0.0,0.0,0.0,0.0,0.0,0.0,0.0
https://dice-database.org/download/TREG_NAIVE_TPM.csv	ENSG00000150782.11,2628,IL18;protein_coding,0.982936541172,0.933233344623,0.924291125761,0.912116327175,0.852850413873,0.8522308396089999,0.762970487898,0.7535832788169999,0.751076133383,0.727253607516,0.604606074573,0.5996324795719999,0.59909491145,0.5932804355610001,0.5915507066529999,0.5861561770929999,0.576323201981,0.574764675853,0.569664841537,0.567435028744,0.557827056611,0.55736002407,0.545947786631,0.5455427303729999,0.52851780722,0.518344307427,0.501486631372,0.452740352166,0.440401264755,0.429426796862,0.42003220372199995,0.420019815716,0.416639195501,0.39449009353799996,0.390396310259,0.370592443032,0.354983781714,0.35166307480400005,0.349743753681,0.348329721514,0.34579767754199997,0.34457880109300004,0.341167017326,0.339205664838,0.335523427665,0.33447415194,0.329266031056,0.319925613861,0.298994591061,0.26403942461,0.263747825202,0.26215273379099996,0.259942016087,0.256126169867,0.255669339123,0.253651799383,0.247677336022,0.239327736278,0.23368993275199998,0.232719476261,0.231961686657,0.22891948098099998,0.225211646514,0.219614136278,0.21864991241,0.20802419045499998,0.185502922706,0.17228298290999997,0.161156884718,0.13359689195399999,0.11982509532400001,0.119361581013,0.112067740867,0.110830345047,0.10901447394300001,0.103572532036,0.099660972239,0.0823661924544,0.0,0.0,0.0,0.0,0.0,0.0,0.0,0.0,0.0,0.0,0.0
